===================================================================
  Dijkstra vs Q-CAST — Comprehensive Comparison
  Generated: 20260305_010526
  Runs per config: 30  |  Requests per run: 30
  Coherence time T_coh = 100 ms
===================================================================

Topology: ErdosRenyi  |  Nodes: 8
------------------------------------------------------------------------
Loss%   Dijkstra Succ Q-CAST Succ   Advantage   Dijkstra E2E F  Q-CAST E2E F    DecohFactor   RecovUsed   
0.00    78.78         78.78         0.00        0.69            0.69            0.78          0.00        
5.00    71.11         74.11         3.00        0.71            0.69            0.78          0.93        
10.00   66.56         70.22         3.67        0.71            0.69            0.78          1.27        
15.00   62.11         64.89         2.78        0.72            0.70            0.80          1.00        
20.00   56.00         59.89         3.89        0.73            0.71            0.80          1.37        
25.00   47.44         50.22         2.78        0.75            0.74            0.83          1.10        
30.00   41.11         44.00         2.89        0.75            0.73            0.85          1.03        

Topology: ErdosRenyi  |  Nodes: 12
------------------------------------------------------------------------
Loss%   Dijkstra Succ Q-CAST Succ   Advantage   Dijkstra E2E F  Q-CAST E2E F    DecohFactor   RecovUsed   
0.00    97.00         97.00         0.00        0.68            0.67            0.77          0.00        
5.00    89.89         94.67         4.78        0.68            0.66            0.75          1.53        
10.00   83.22         92.11         8.89        0.69            0.65            0.75          2.83        
15.00   73.33         85.67         12.33       0.71            0.65            0.75          3.93        
20.00   67.56         81.67         14.11       0.72            0.64            0.74          4.43        
25.00   62.44         77.22         14.78       0.72            0.64            0.74          4.77        
30.00   55.33         69.89         14.56       0.74            0.66            0.75          4.67        

Topology: ErdosRenyi  |  Nodes: 20
------------------------------------------------------------------------
Loss%   Dijkstra Succ Q-CAST Succ   Advantage   Dijkstra E2E F  Q-CAST E2E F    DecohFactor   RecovUsed   
0.00    100.00        100.00        0.00        0.74            0.72            0.82          0.00        
5.00    92.00         97.67         5.67        0.75            0.71            0.81          1.67        
10.00   85.00         94.56         9.56        0.75            0.71            0.81          2.77        
15.00   75.78         89.78         14.00       0.76            0.71            0.81          4.07        
20.00   67.44         81.78         14.33       0.77            0.70            0.81          4.37        
25.00   60.67         76.00         15.33       0.77            0.70            0.81          4.63        
30.00   52.89         68.00         15.11       0.78            0.70            0.82          4.63        

Topology: ErdosRenyi  |  Nodes: 30
------------------------------------------------------------------------
Loss%   Dijkstra Succ Q-CAST Succ   Advantage   Dijkstra E2E F  Q-CAST E2E F    DecohFactor   RecovUsed   
0.00    100.00        100.00        0.00        0.75            0.73            0.83          0.00        
5.00    93.22         97.44         4.22        0.76            0.73            0.83          1.30        
10.00   86.89         94.78         7.89        0.76            0.73            0.83          2.73        
15.00   79.44         90.56         11.11       0.77            0.73            0.83          3.63        
20.00   73.67         85.78         12.11       0.77            0.72            0.83          4.03        
25.00   67.22         80.89         13.67       0.77            0.73            0.83          4.77        
30.00   60.22         73.00         12.78       0.77            0.73            0.83          4.43        

Topology: RandomGeometric  |  Nodes: 8
------------------------------------------------------------------------
Loss%   Dijkstra Succ Q-CAST Succ   Advantage   Dijkstra E2E F  Q-CAST E2E F    DecohFactor   RecovUsed   
0.00    60.22         60.22         0.00        0.79            0.79            0.87          0.00        
5.00    54.67         56.22         1.56        0.80            0.78            0.87          0.40        
10.00   50.56         52.11         1.56        0.81            0.80            0.88          0.40        
15.00   46.78         48.89         2.11        0.82            0.81            0.90          0.57        
20.00   42.67         45.44         2.78        0.83            0.82            0.91          0.83        
25.00   38.89         41.67         2.78        0.84            0.82            0.91          0.83        
30.00   33.67         36.22         2.56        0.85            0.83            0.92          0.77        

Topology: RandomGeometric  |  Nodes: 12
------------------------------------------------------------------------
Loss%   Dijkstra Succ Q-CAST Succ   Advantage   Dijkstra E2E F  Q-CAST E2E F    DecohFactor   RecovUsed   
0.00    64.33         64.33         0.00        0.63            0.63            0.71          0.00        
5.00    59.22         60.56         1.33        0.64            0.63            0.72          0.47        
10.00   54.67         56.78         2.11        0.66            0.64            0.73          0.57        
15.00   50.33         53.67         3.33        0.66            0.64            0.73          0.87        
20.00   47.00         50.56         3.56        0.67            0.64            0.73          1.00        
25.00   40.33         44.44         4.11        0.70            0.66            0.75          1.23        
30.00   35.33         39.22         3.89        0.72            0.68            0.77          1.10        

Topology: RandomGeometric  |  Nodes: 20
------------------------------------------------------------------------
Loss%   Dijkstra Succ Q-CAST Succ   Advantage   Dijkstra E2E F  Q-CAST E2E F    DecohFactor   RecovUsed   
0.00    46.78         46.78         0.00        0.60            0.60            0.68          0.00        
5.00    40.56         42.00         1.44        0.63            0.61            0.69          0.53        
10.00   34.89         39.33         4.44        0.65            0.60            0.69          1.53        
15.00   29.56         35.22         5.67        0.68            0.61            0.70          1.87        
20.00   23.89         28.33         4.44        0.71            0.63            0.73          1.37        
25.00   21.11         25.22         4.11        0.72            0.65            0.75          1.23        
30.00   19.00         22.44         3.44        0.72            0.66            0.78          1.03        

Topology: RandomGeometric  |  Nodes: 30
------------------------------------------------------------------------
Loss%   Dijkstra Succ Q-CAST Succ   Advantage   Dijkstra E2E F  Q-CAST E2E F    DecohFactor   RecovUsed   
0.00    51.22         50.89         -0.33       0.48            0.47            0.54          0.00        
5.00    41.44         44.67         3.22        0.52            0.48            0.57          1.13        
10.00   38.67         43.22         4.56        0.52            0.48            0.57          1.87        
15.00   31.22         37.56         6.33        0.57            0.51            0.60          2.30        
20.00   28.11         34.67         6.56        0.60            0.53            0.62          2.33        
25.00   22.11         28.67         6.56        0.63            0.57            0.67          2.17        
30.00   18.67         25.33         6.67        0.67            0.58            0.68          2.20        

Topology: ScaleFree  |  Nodes: 8
------------------------------------------------------------------------
Loss%   Dijkstra Succ Q-CAST Succ   Advantage   Dijkstra E2E F  Q-CAST E2E F    DecohFactor   RecovUsed   
0.00    100.00        100.00        0.00        0.77            0.76            0.85          0.00        
5.00    92.44         97.33         4.89        0.77            0.75            0.84          1.57        
10.00   86.44         93.78         7.33        0.78            0.75            0.84          2.03        
15.00   78.89         89.78         10.89       0.78            0.74            0.83          3.57        
20.00   71.89         85.78         13.89       0.80            0.74            0.83          4.47        
25.00   64.11         78.11         14.00       0.80            0.73            0.83          4.60        
30.00   57.22         69.89         12.67       0.81            0.75            0.84          3.97        

Topology: ScaleFree  |  Nodes: 12
------------------------------------------------------------------------
Loss%   Dijkstra Succ Q-CAST Succ   Advantage   Dijkstra E2E F  Q-CAST E2E F    DecohFactor   RecovUsed   
0.00    100.00        100.00        0.00        0.69            0.67            0.77          0.00        
5.00    90.11         96.56         6.44        0.69            0.66            0.76          2.30        
10.00   83.89         93.67         9.78        0.70            0.65            0.76          3.03        
15.00   75.78         90.00         14.22       0.71            0.64            0.75          4.47        
20.00   69.33         84.44         15.11       0.72            0.64            0.75          4.87        
25.00   62.33         76.33         14.00       0.73            0.65            0.76          4.67        
30.00   55.00         69.56         14.56       0.74            0.65            0.76          4.60        

Topology: ScaleFree  |  Nodes: 20
------------------------------------------------------------------------
Loss%   Dijkstra Succ Q-CAST Succ   Advantage   Dijkstra E2E F  Q-CAST E2E F    DecohFactor   RecovUsed   
0.00    100.00        100.00        0.00        0.62            0.60            0.69          0.00        
5.00    89.67         98.22         8.56        0.63            0.58            0.68          2.67        
10.00   82.44         95.56         13.11       0.63            0.57            0.67          4.07        
15.00   70.67         87.89         17.22       0.65            0.57            0.67          5.37        
20.00   64.00         81.56         17.56       0.65            0.56            0.67          5.50        
25.00   56.44         74.22         17.78       0.66            0.57            0.68          5.60        
30.00   49.67         66.78         17.11       0.67            0.57            0.68          5.37        

Topology: ScaleFree  |  Nodes: 30
------------------------------------------------------------------------
Loss%   Dijkstra Succ Q-CAST Succ   Advantage   Dijkstra E2E F  Q-CAST E2E F    DecohFactor   RecovUsed   
0.00    100.00        100.00        0.00        0.56            0.54            0.63          0.00        
5.00    89.78         98.56         8.78        0.57            0.52            0.62          3.03        
10.00   81.67         96.44         14.78       0.58            0.51            0.61          4.57        
15.00   70.56         91.78         21.22       0.59            0.50            0.61          6.33        
20.00   63.11         86.44         23.33       0.60            0.50            0.61          7.10        
25.00   55.11         77.67         22.56       0.61            0.50            0.62          6.80        
30.00   47.89         69.89         22.00       0.62            0.50            0.63          6.37        

